0.811301
1.455218
5.245776
0.872831
0.757380
4.285893
0.894951
0.738592
5.841189
1.136126
1.273617
1.854164
4.408387
0.802405
0.785360
3.593899
2.261731
0.757018
0.891667
0.752896
0.769755
0.764216
3.227885
3.829589
0.746516
0.754564
4.081127
0.757250
0.785582
0.775038
0.772867
0.806729
0.755759
0.770022
0.762839
0.766701
0.751409
0.815687
0.816809
0.763475
0.760783
5.001115
0.760638
0.776853
3.711888
0.772118
0.758751
0.779482
2.378609
0.748765
0.751843
0.774041
0.774620
0.805899
3.529669
0.746442
0.795065
0.795559
0.765640
0.787617
0.774902
0.749663
0.763192
5.429838
6.422256
0.932117
0.757909
0.747711
0.748949
0.779468
0.831433
0.751781
0.993251
0.745832
2.792975
2.953230
0.766029
0.770257
0.801205
0.750935
0.782687
0.752589
0.778855
0.770000
0.766726
1.240063
3.566409
0.813195
0.791731
0.755610
0.812663
0.817558
0.762135
0.783523
0.753574
0.777515
0.782981
0.791421
0.774855
0.778692
0.796158
0.762222
0.776236
0.763010
0.768742
0.777017
0.798632
0.757758
0.820219
0.776850
0.791254
0.758483
3.121637
0.780457
0.764063
1.653224
3.498834
0.787689
0.790802
0.779506
0.766306
0.786045
0.798611
0.774006
0.744339
0.799891
2.644484
0.807202
0.772094
0.748486
4.631183
0.770386
0.853110
0.804706
0.763818
0.778167
0.765691
0.828010
0.772662
0.855782
0.786237
0.770151
3.224025
0.770552
0.784423
2.558279
1.453828
0.778637
0.779878
0.784451
0.792867
0.807627
0.774251
0.775218
0.768726
0.785158
0.778117
0.812098
0.755913
0.743405
2.738836
1.027689
1.268344
0.780635
0.769484
0.764593
0.762904
2.511964
0.750082
0.790111
0.797393
4.478944
0.825936
3.936791
0.766248
5.286089
0.827800
0.764593
1.649371
2.143602
0.751823
1.398942
0.761098
4.871108
0.788445
0.775626
1.941614
5.328916
2.986210
0.746148
0.815912
0.791128
0.822049
0.757376
0.769566
0.790052
0.757357
0.764386
1.747481
0.759991
2.492785
5.587540
0.771627
0.781312
0.769629
2.512791
2.725796
0.771887
0.769069
4.947911
0.791917
0.831596
5.776733
2.572133
0.744246
0.767961
6.070668
0.809509
1.266352
0.771660
2.611944
3.525257
1.079434
0.801882
5.234644
1.441615
0.770697
1.875731
4.803364
0.790679
1.582758
1.413377
2.574541
1.173367
0.763761
2.906765
1.401339
0.791544
0.747371
6.950729
0.799999
0.813466
1.922667
4.054301
0.763921
0.766824
6.747385
0.964073
0.770335
0.741463
3.133402
5.989699
0.793510
0.900761
5.246785
0.758899
3.268059
0.763630
5.241483
0.742864
1.627911
5.620830
0.876302
2.800595
5.554109
2.691873
0.773517
0.770973
6.748649
0.791135
1.077206
0.765355
1.982589
5.236945
0.752833
2.458276
0.764040
5.805867
0.766210
4.724559
1.682084
1.181031
0.754307
5.248702
0.984369
5.487908
0.932602
1.740895
5.659683
1.425874
4.050730
0.861117
5.141435
0.947499
0.816500
0.767655
0.795887
0.769218
0.780972
0.747591
0.795736
0.771242
3.320804
5.026313
0.850608
0.761422
0.800217
0.786739
0.770779
0.741204
5.412673
0.817122
0.788467
1.033956
4.183631
0.754496
0.789632
0.748136
0.774958
1.286088
1.213998
3.189833
1.352503
0.771371
0.782428
0.765668
0.735053
0.775364
3.801047
3.782175
0.768132
0.758639
4.026578
0.792345
0.753159
0.759896
3.786155
0.770929
0.803979
0.777553
0.775492
0.796837
0.782199
0.795358
0.759226
0.797386
0.771199
0.785624
0.764129
0.769058
0.760706
0.793473
0.810772
0.761284
0.755784
4.758268
0.796305
0.791598
0.788641
0.740579
0.767916
0.764233
1.907478
0.758252
0.767904
0.737562
5.117866
0.837624
0.790702
0.770394
0.781367
0.776713
0.789538
0.800322
0.780338
0.759366
0.770822
6.188197
0.839667
0.769754
0.753737
0.804535
0.764781
0.795047
0.758826
0.779852
0.745217
0.849657
0.765913
0.753963
0.759844
0.750738
0.775753
0.797826
0.786848
0.749845
0.771350
0.814973
0.807895
0.760191
0.813046
0.802399
0.771020
4.402149
0.777710
0.747408
0.815706
0.784206
0.772650
0.793945
0.764245
0.760366
0.794862
0.772450
0.763412
0.786060
0.783368
0.775906
0.741980
0.794534
0.767965
0.762199
0.765965
0.783117
0.773192
0.754944
0.750789
0.744118
0.758055
2.755115
0.780982
1.411004
1.527343
2.640845
1.690321
0.766393
0.773523
1.544184
0.753146
0.850699
0.759230
3.618033
1.496382
0.754792
1.773973
3.123131
0.760180
0.774164
0.780409
0.787998
0.769426
0.757261
0.784598
0.779075
0.771331
0.742300
4.049580
0.760601
0.824047
3.403684
0.753821
0.758882
0.798604
0.773156
0.778711
0.765965
0.771902
5.273935
0.762115
0.776071
1.152540
3.183397
0.754328
0.814464
1.105469
1.035277
0.782533
0.766829
2.214665
3.035469
0.757051
0.841309
0.775559
0.803850
0.760691
0.780457
0.780269
0.822255
0.768966
0.763777
0.745938
1.073557
2.012119
3.113723
0.788713
0.809547
0.767653
5.563443
5.428144
0.747120
0.938972
0.785418
0.754535
0.759603
1.125669
3.665474
0.737168
0.812816
3.393759
0.758373
0.814784
0.757951
0.758404
1.300027
0.762187
1.315719
3.777223
0.751978
0.820226
5.784109
0.829266
0.764600
0.765435
2.883692
0.777608
1.076881
1.164441
4.997724
0.801371
0.750274
3.985128
0.765181
0.753596
0.820760
0.794015
0.770174
0.763097
0.751091
4.770916
0.805555
0.742261
0.826827
0.813497
0.762187
0.780784
1.443718
4.062745
0.770786
0.746629
4.561910
0.757806
0.810839
0.805066
0.747173
0.780515
0.763187
1.209386
2.618617
0.762590
0.781816
1.665991
3.835961
0.741827
0.825093
4.366847
0.792856
1.277545
0.746998
0.753847
0.759747
0.760204
4.671918
0.812537
0.790543
0.825849
0.762316
0.772570
0.760311
0.771653
0.797099
0.767770
0.749686
0.767854
0.772019
0.767059
0.809444
0.784648
4.509136
0.775579
0.974769
0.778949
0.762644
0.786179
0.809644
0.792762
0.794478
0.794411
0.768148
0.785726
0.775288
0.790124
0.796796
0.763930
0.804221
0.773421
2.043129
4.638591
0.750352
1.411155
0.748584
0.762548
0.763729
0.805335
0.781003
0.762912
0.770375
0.783539
0.781751
0.799890
0.779584
5.049555
0.808161
0.781604
0.772683
2.758399
2.794372
0.771590
0.778982
0.765277
0.811279
0.752167
0.795943
0.767866
0.796247
0.805397
0.833291
0.766638
0.760495
0.750836
1.171872
4.668597
0.759134
0.766384
3.750072
0.775159
0.767536
2.962342
0.803354
0.758771
0.768387
4.111546
0.776862
0.781361
0.766955
0.745329
0.760154
1.403889
4.693366
0.783052
0.870077
0.768820
0.759648
0.754923
0.762267
0.766372
3.220703
0.789546
0.793625
0.759814
0.773853
0.772674
0.770193
0.751996
3.205240
0.797275
0.767680
2.268264
1.805032
2.204040
0.797176
4.198626
0.782941
4.879271
0.824747
2.668138
0.769666
0.750019
0.781339
6.466991
0.763309
0.747826
1.765233
3.561383
0.754019
0.771357
0.766774
0.802445
0.764801
0.786643
0.781058
0.769849
0.773217
0.745776
3.713939
0.745689
0.772628
3.594011
0.796823
0.758984
0.831798
0.783509
0.777671
0.757808
0.770881
9.974641
1.689503
6.736136
6.171313
4.271941
0.803295
0.784594
2.266603
3.264138
0.781549
0.772387
0.777815
0.770610
0.798924
1.487389
0.738765
0.771403
1.100259
4.421514
0.752609
0.797693
2.117529
4.931219
0.821342
1.876524
4.501664
0.812228
2.437560
2.306770
3.809302
0.793811
0.819033
0.781325
1.495006
6.115645
0.751514
0.776210
0.968344
0.757502
0.742961
0.755363
0.759425
0.733147
0.775876
0.783289
0.774232
0.783018
0.779027
1.606924
3.125220
3.470146
0.785912
2.227699
1.993606
0.790431
0.784890
1.868855
1.230088
0.789336
0.816958
0.879076
0.770415
0.764369
4.687877
0.791726
1.000335
0.763662
0.784874
0.787634
0.810822
0.742460
1.373095
0.796699
0.773808
0.750598
0.833781
0.816513
0.807264
0.757976
0.756831
0.765222
0.782686
1.538448
0.745640
0.773828
0.766879
4.091039
0.774938
0.758529
1.579882
1.181167
0.751405
0.779079
1.600995
3.023285
0.784015
0.750782
0.768699
0.764567
0.825734
0.749258
1.684694
0.778691
0.774981
6.280170
2.683242
4.481499
0.774563
0.779277
0.766892
0.757741
0.761328
0.808445
0.830555
0.790639
0.738196
2.098614
0.762644
0.820101
1.159116
4.289014
0.763831
0.777436
0.750373
0.746803
0.760199
0.761433
0.820903
0.785514
0.805693
2.611634
0.792603
0.772017
0.775063
4.709634
0.753046
0.775977
0.790605
0.778622
0.763212
0.764160
7.275880
0.746434
0.748549
0.754135
5.408622
0.804209
0.770741
0.781271
1.231377
4.170722
0.794918
0.788173
0.787706
0.814256
0.802009
0.785184
3.136666
1.147920
0.788360
0.743077
3.592324
0.762370
0.779131
0.777058
0.768037
0.757286
0.821959
0.757986
0.762695
0.794679
0.762015
0.758432
0.783127
0.760039
0.766682
0.771681
0.753163
0.785097
2.102930
0.798873
0.774569
0.760974
1.724300
1.160669
0.764080
0.780145
0.768579
0.754015
0.775795
0.769349
0.817173
0.755279
0.766790
0.759014
0.790906
0.783018
0.779528
3.053660
1.105922
1.073830
0.758974
0.752421
0.766617
4.549272
0.777127
0.766350
0.777083
0.752775
0.792160
0.778552
0.804231
0.762796
0.776432
0.784930
0.765932
0.748054
1.575016
0.753575
0.778706
0.782185
0.794403
0.762404
0.800850
6.197013
0.766561
0.769458
0.762763
2.211391
0.871280
0.742089
0.776746
0.772993
0.766911
0.766369
1.576727
1.513194
0.762593
0.756150
0.759676
0.760425
0.802220
0.758986
0.781328
0.763679
0.789595
1.013073
2.666797
0.757977
0.767757
1.679848
1.354422
0.766629
0.760510
0.765622
0.770608
0.788115
0.801287
0.770635
0.764775
0.781869
0.798373
0.802984
0.783216
0.756784
0.756172
0.768564
0.781240
0.752138
0.792538
0.795340
0.771287
0.771598
0.780575
0.777480
0.824288
0.799844
0.757750
0.774412
0.760521
0.796343
0.761026
0.762692
0.778926
3.225005
2.337827
