0.814619
0.757037
0.786764
0.738911
0.769726
0.751030
0.812865
0.755826
0.824071
0.767063
0.761508
0.816663
0.756167
0.743890
0.842636
0.751554
0.765362
0.801175
0.821854
0.756277
0.770619
0.784472
0.784167
0.777470
0.777154
0.780402
0.816776
0.754152
0.786645
0.786646
0.803954
0.763765
0.759381
0.853492
0.753898
0.816375
0.778373
0.760278
0.809103
0.740952
0.754159
0.778135
0.799051
0.756446
0.837703
0.749116
0.752486
0.763170
0.784978
0.798778
0.750058
0.744340
0.801633
0.745208
0.805808
0.798815
0.758224
0.736444
0.752021
0.742064
0.769556
0.753829
0.758023
0.801087
0.748057
0.811255
0.751535
0.816470
0.744725
0.801659
0.843114
0.760595
0.777380
0.769148
0.825480
0.794305
0.779241
0.815957
0.769700
0.804849
0.813827
0.772761
0.785402
0.740862
0.747334
0.758652
0.808422
0.754289
0.781549
0.796779
0.763362
0.747951
0.760529
0.838024
0.734426
0.758148
0.750764
0.803198
0.784670
0.808338
0.733519
0.827861
0.764959
0.749615
0.777436
0.834857
0.788635
0.801679
0.807600
0.801746
0.740882
0.764609
0.826172
0.755907
0.765472
0.858486
0.745899
0.776767
0.830216
0.816359
0.755269
0.828535
0.759297
0.787956
0.830618
0.735386
0.773873
0.802782
0.747074
0.764506
0.838034
0.812949
0.775574
0.767233
0.801180
0.734396
0.804371
0.753618
0.813711
0.745277
0.756963
0.820777
0.748494
0.795899
0.745446
0.818934
0.734948
0.768474
0.809896
0.750006
0.758913
0.791170
0.804753
0.820544
0.754322
0.752709
0.790851
0.780270
0.782153
0.832649
0.790698
0.800983
0.770256
0.751052
0.785828
0.741608
0.748009
0.764109
0.772841
0.807550
0.778549
0.768366
0.746481
0.739203
0.745847
0.821872
0.742121
0.763171
0.756774
0.808899
0.755080
0.740504
0.810473
0.830460
0.786679
0.743623
0.758514
0.794934
0.741473
0.755111
0.810958
0.760143
0.749578
0.729533
0.754351
0.788899
0.755648
0.795709
0.761270
0.736680
0.750976
0.764450
0.752433
0.755787
0.765523
0.733868
0.741782
0.743418
0.733911
0.744167
0.811552
0.775234
0.753783
0.840922
0.740733
0.759428
0.809154
0.766641
0.734203
0.752977
0.747191
0.737567
0.760984
0.776576
0.745311
0.772428
0.765894
0.758567
0.746592
0.785669
0.774339
0.744981
0.740574
0.754856
0.769550
0.782778
0.793605
0.748484
0.751514
0.772568
0.740478
0.757140
0.824919
0.749330
0.727468
0.745330
0.737802
0.812152
0.740396
0.744492
0.735758
0.745832
0.773854
0.759660
0.758473
0.759029
0.745890
0.740651
0.790089
0.741646
0.803926
0.775194
0.735712
0.744602
0.769035
0.787095
0.766302
0.747628
0.753609
0.764016
0.789424
0.757438
0.752612
0.802108
0.819021
0.825517
0.779655
0.749700
0.751265
0.767956
0.741943
0.767818
0.761006
0.791287
0.827289
0.739060
0.761105
0.802051
0.777717
0.751375
0.734514
0.800873
0.771542
0.774324
0.773683
0.843332
0.786043
0.754239
0.777701
0.795861
0.753711
0.761325
0.753558
0.791031
0.756460
0.771820
0.831226
0.805863
0.779609
0.740396
0.807621
0.787008
0.760597
0.730516
0.801695
0.802449
0.745608
0.786668
0.799103
0.818271
0.752704
0.735274
0.765459
0.780241
0.771033
0.765356
0.752413
0.754531
0.815933
0.811974
0.776832
0.770875
0.788775
0.805550
0.753235
0.759925
0.801874
0.758649
0.758245
0.872352
0.793049
0.761077
0.759805
0.856683
0.762645
0.745615
0.773837
0.813373
0.771734
0.813402
0.802356
0.781122
0.767406
0.741098
0.756839
0.887978
0.765120
0.829698
0.786022
0.800867
0.747661
0.748529
0.805513
0.815766
0.781138
0.824936
0.730535
0.786232
0.741932
0.749993
0.782645
0.835422
0.747569
0.748923
0.798776
0.749983
0.748308
0.809998
0.759279
0.750693
0.811894
0.820367
0.756106
0.761746
0.734868
0.812674
0.757620
0.793539
0.764617
0.795768
0.748534
0.760070
0.813951
0.795457
0.744803
0.792954
0.785520
0.772281
0.773479
0.793816
0.800829
0.757757
0.797909
0.816236
0.747565
0.731650
0.824667
0.804548
0.749483
0.738003
0.770388
0.786193
0.805230
0.748374
0.798054
0.815884
0.742584
0.796710
0.809005
0.805530
0.816528
0.774317
0.828443
0.738442
0.818214
0.751595
0.827138
0.762960
0.757948
0.815758
0.792352
0.741249
0.764868
0.744080
0.747800
0.769094
0.776516
0.808713
0.763084
0.751977
0.759348
0.814873
0.748192
0.769372
0.771013
0.778022
0.766167
0.779061
0.789325
0.788044
0.788767
0.792839
0.764617
0.752024
0.748394
0.809057
0.809398
0.760895
0.742816
0.771153
0.782996
0.787648
0.751223
0.762981
0.794454
0.743624
0.801264
0.799190
0.758760
0.748607
0.822675
0.819692
0.767908
0.811759
0.800424
0.741490
0.798681
0.766005
0.815026
0.766074
0.775525
0.791169
0.773215
0.756770
0.749243
0.792435
0.802851
0.750965
0.744433
0.854474
0.777293
0.800921
0.774504
0.831575
0.762344
0.812672
0.840776
0.774824
0.743201
0.799545
0.818439
0.745097
0.762951
0.746387
0.818342
0.799114
0.770734
0.751821
0.827046
0.769570
0.741811
0.810327
0.780934
0.787214
0.759615
0.807251
0.785045
0.826930
0.780987
0.757430
0.823706
0.803827
0.786970
0.749857
0.883872
0.792104
0.829476
0.765506
0.759953
0.789608
0.744688
0.744132
0.765721
0.749396
0.773774
0.822064
0.760632
0.790818
0.811490
0.757255
0.757503
0.738870
0.815351
0.744925
0.733011
0.758979
0.833396
0.740512
0.747245
0.746035
0.754443
0.748784
0.806530
0.741207
0.747229
0.764581
0.764016
0.786763
0.747009
0.762001
0.745405
0.817380
0.741172
0.775141
0.807092
0.803839
0.741706
0.760944
0.768433
0.740082
0.739929
0.804159
0.756226
0.805124
0.743148
0.786669
0.795720
0.780307
0.786841
0.846207
0.817255
0.769291
0.789227
0.748410
0.789354
0.750062
0.744869
0.741822
0.785617
0.775325
0.749186
0.793881
0.757561
0.800378
0.753086
0.745718
0.755330
0.787816
0.771320
0.748937
0.768985
0.781700
0.754465
0.761894
0.816544
0.794124
0.786697
0.735692
0.776936
0.804967
0.759857
0.739900
0.770824
0.812231
0.804826
0.769719
0.815976
0.789282
0.773874
0.841916
0.794983
0.799017
0.807944
0.776673
0.837927
0.762710
0.754065
0.774734
0.815492
0.732045
0.754021
0.782365
0.828728
0.755325
0.753302
0.809040
0.746007
0.790739
0.783028
0.745385
0.747084
0.778209
0.734514
0.746005
0.744260
0.824022
0.806829
0.814342
0.768916
0.739395
0.770656
0.769863
0.748976
0.756658
0.779356
0.758648
0.774684
0.763170
0.793449
0.748353
0.752558
0.812613
0.733582
0.742907
0.734846
0.780418
0.757147
0.758407
0.759729
0.793765
0.762092
0.736626
0.760001
0.791357
0.749325
0.750256
0.754379
0.785413
0.797833
0.768382
0.783618
0.772705
0.755831
0.756555
0.810539
0.826889
0.742185
0.769147
0.798756
0.792363
0.753265
0.739658
0.814224
0.752418
0.796305
0.768545
0.819964
0.745520
0.765394
0.795584
0.769077
0.789555
0.748470
0.732624
0.764288
0.771942
0.749110
0.786253
0.765991
0.752191
0.778316
0.742539
0.860818
0.767526
0.751713
0.768251
0.763457
0.749454
0.803411
0.735352
0.803890
0.739983
0.764684
0.807865
0.736338
0.754901
0.744647
0.761190
0.743450
0.747641
0.826549
0.760618
0.790070
0.798481
0.749520
0.772007
0.735519
0.808247
0.820856
0.754854
0.750469
0.789837
0.765875
0.747155
0.760592
0.794766
0.750548
0.752041
0.755527
0.748151
0.771036
0.812763
0.766804
0.768871
0.765501
0.816537
0.745356
0.755400
0.773350
0.774776
0.793885
0.755256
0.776805
0.804126
0.752309
0.765643
0.762136
0.808163
0.769598
0.779464
0.798117
0.742614
0.765503
0.757055
0.765972
0.813505
0.805593
0.807904
0.743749
0.729190
0.736291
0.752510
0.808258
0.741713
0.734993
0.746062
0.800714
0.737309
0.755330
0.819950
0.743950
0.747383
0.750896
0.783681
0.746165
0.801406
0.763965
0.803720
0.760943
0.738625
0.749028
0.755644
0.755267
0.745922
0.793134
0.750346
0.745257
0.738888
0.742854
0.744991
0.795943
0.756923
0.764650
0.761400
0.751716
0.745727
0.748937
0.791057
0.744260
0.747258
0.732613
0.775821
0.739225
0.795872
0.762523
0.763707
0.766198
0.742612
0.757383
0.791384
0.768216
0.755094
0.744078
0.772382
0.759889
0.755786
0.798788
0.825524
0.768949
0.767365
0.759317
0.745629
0.763324
0.747122
0.791571
0.755407
0.765383
0.765182
0.775822
0.776785
0.781169
0.758564
0.761102
0.751894
0.754821
0.784746
0.746258
0.783238
0.743610
0.764859
0.768997
0.816845
0.744215
0.789284
0.747470
0.798499
0.726426
0.742105
0.783299
0.751675
0.750474
0.752121
0.754920
0.747364
0.754678
0.747316
0.814046
0.761726
0.759218
0.746807
0.798016
0.765780
0.759198
0.790930
0.766818
0.742657
0.734512
0.773340
0.763877
0.748691
0.762905
0.777633
0.762072
0.752338
0.759030
0.810877
0.758605
0.738269
0.759855
0.773012
0.765622
0.803614
0.815004
0.748798
0.838446
0.735338
0.766622
0.761416
0.739718
0.824428
0.757616
0.753141
0.773216
0.735439
0.743534
0.790698
0.754708
0.807350
0.757748
0.771713
0.751640
0.830025
0.745680
0.814370
0.787971
0.761524
0.761038
0.769316
0.754875
0.771070
0.766370
0.826648
0.750099
0.755984
0.769636
0.744564
0.739439
0.824611
0.758641
0.752349
0.755580
0.766840
0.806053
0.752478
0.755049
0.814877
0.788290
0.781970
0.749097
0.793806
0.755045
0.744830
0.783640
0.804324
0.788515
0.743757
0.773571
0.738918
0.812505
0.747837
0.812374
0.760823
0.755274
0.754013
0.818843
0.785222
0.763661
0.751220
0.773588
0.787074
0.779248
0.754748
0.754879
0.786342
0.805328
0.798118
0.735726
0.763518
0.760057
0.776153
0.758757
0.735423
0.743689
0.744177
0.865647
0.797587
0.732056
0.799136
0.758872
0.770476
0.804249
0.745801
0.799842
0.754252
0.742818
0.809931
0.795886
0.772608
0.779295
0.744832
