0.840578
0.806746
0.833998
0.820174
0.823141
0.811795
0.856421
0.792035
0.842126
0.874568
0.786951
0.847551
0.807647
0.815720
0.803384
0.800029
0.785178
0.855800
0.829069
0.782161
0.824218
0.783467
0.799057
0.787253
0.878848
0.817234
0.820031
0.792389
0.814450
0.857548
0.842525
0.807505
0.783476
0.788157
0.785535
0.868343
0.839251
0.810167
0.792000
0.816761
0.846692
0.812974
0.832183
0.879407
0.857024
0.797999
0.796900
0.903203
0.776193
0.888497
0.856180
0.818129
0.800433
0.826142
0.781168
0.823258
0.880986
0.861671
0.808475
0.810574
0.866046
0.805668
0.846759
0.800561
0.827372
0.784257
0.872713
0.828644
0.807388
0.836265
0.788039
0.835486
0.825393
0.869317
0.783475
0.852799
0.817242
0.857438
0.805244
0.784737
0.818996
0.799022
0.822711
0.786280
0.857606
0.822738
0.822861
0.791785
0.869596
0.847907
0.808776
0.778963
0.801416
0.848209
0.809887
0.801187
0.834295
0.819202
0.835260
0.777148
