0.807318
0.758490
0.812690
0.749819
0.765246
0.790918
0.747420
0.758543
0.779506
0.791705
0.754286
0.762334
0.822494
0.757855
0.818064
0.738718
0.811114
0.756931
0.757918
0.771502
0.822844
0.765753
0.764405
0.747170
0.745693
0.768798
0.755300
0.814061
0.784164
0.741280
0.769522
0.745738
0.748904
0.811026
0.748396
0.766349
0.745739
0.757488
0.786930
0.825949
0.737171
0.742786
0.747919
0.767549
0.781684
0.780131
0.737498
0.753042
0.790643
0.804804
0.755846
0.822395
0.753641
0.747710
0.756150
0.747972
0.753431
0.795219
0.747089
0.762354
0.803179
0.737902
0.776243
0.739510
0.738451
0.778797
0.775447
0.755111
0.799848
0.793021
0.741017
0.782717
0.799352
0.805906
0.757820
0.762707
0.793250
0.748080
0.833517
0.803643
0.779157
0.759635
0.757678
0.836138
0.800510
0.761899
0.765553
0.746852
0.774562
0.751001
0.768166
0.815991
0.751787
0.754460
0.763991
0.816051
0.742924
0.749847
0.806105
0.746579
