0.792176
0.731445
0.735256
0.801916
0.737630
0.734556
0.770730
0.737157
0.752315
0.771339
0.793121
0.784078
0.760491
0.752367
0.732892
0.769571
0.739181
0.791462
0.738722
0.796994
0.828007
0.748528
0.729445
0.843662
0.739130
0.794325
0.760017
0.779610
0.772053
0.736905
0.734625
0.806720
0.739934
0.769318
0.733103
0.781461
0.735366
0.732403
0.788829
0.790352
0.730634
0.792685
0.743454
0.780478
0.755022
0.775612
0.796801
0.738185
0.790494
0.738088
0.834850
0.741080
0.781219
0.738390
0.732040
0.775736
0.784971
0.733373
0.731887
0.797639
0.731320
0.777727
0.740211
0.772441
0.749680
0.772768
0.737529
0.800876
0.744740
0.797658
0.737029
0.808931
0.799310
0.795725
0.735973
0.823556
0.737703
0.741716
0.761711
0.767112
0.783781
0.730674
0.740490
0.743236
0.785552
0.735453
0.736581
0.777821
0.742152
0.731826
0.791553
0.735647
0.743587
0.793649
0.737695
0.739276
0.735999
0.794386
0.732746
0.816613
0.800411
0.726171
0.804151
0.725851
0.723453
0.780569
0.725434
0.729067
0.773879
0.780378
0.723564
0.724622
0.746866
0.780043
0.733581
0.734842
0.763846
0.726237
0.726105
0.740240
0.723291
0.730094
0.773231
0.726873
0.790644
0.729236
0.762348
0.768024
0.723459
0.775751
0.725377
0.775120
0.724685
0.784531
0.726507
0.758495
0.735071
0.783664
0.775007
0.724748
0.731356
0.723258
0.780963
0.776310
0.726802
0.722475
0.785719
0.761541
0.725579
0.780311
0.779002
0.724454
0.727640
0.792803
0.778667
0.729443
0.722396
0.837147
0.728915
0.727039
0.764163
0.781742
0.723311
0.727870
0.791767
0.761007
0.725465
0.773167
0.767153
0.726082
0.728649
0.839643
0.724245
0.780347
0.719095
0.744158
0.760667
0.755252
0.723278
0.782818
0.725092
0.725450
0.718528
0.776688
0.786752
0.728532
0.717391
0.766455
0.766046
0.720330
0.780932
0.728261
0.767944
0.717757
0.782972
0.731171
0.771899
0.777668
0.747974
0.754168
