0.839295
0.841505
0.765825
0.745173
0.759480
0.762804
0.774874
0.749156
0.806437
0.764435
0.763240
0.753646
0.771641
0.789763
0.803691
0.769598
0.781256
0.755457
0.773173
0.789152
0.795167
0.777171
0.794672
0.774422
0.753535
0.780661
0.828659
0.754764
0.766586
0.804525
0.755246
0.758481
0.767019
0.777074
0.836162
0.817693
0.767379
0.768048
0.763337
0.816010
0.791354
0.786793
0.757803
0.785340
0.771186
0.797703
0.834495
0.784180
0.758259
0.780013
0.781177
0.756339
0.808242
0.773433
0.774155
0.776439
0.777501
0.785213
0.750870
0.775033
0.756155
0.816444
0.792297
0.797613
0.832326
0.755580
0.768649
0.771353
0.773235
0.823315
0.808424
0.796163
0.768392
0.827812
0.772937
0.842478
0.770861
0.778949
0.773306
0.791361
0.779169
0.777313
0.763125
0.828865
0.743248
0.757681
0.770865
0.823509
0.769687
0.760332
0.764411
0.802725
0.774744
0.750357
0.833127
0.862991
0.789070
0.775128
0.806655
0.775026
