0.807350
0.783663
0.835712
0.772746
0.785435
0.833150
0.811021
0.869670
0.773534
0.781965
0.804314
0.816020
0.822630
0.818737
0.803884
0.802898
0.849955
0.805014
0.807634
0.802564
0.813568
0.801647
0.814273
0.785702
0.848622
0.786488
0.784090
0.838106
0.773358
0.795035
0.819265
0.796489
0.804751
0.766462
0.813923
0.790186
0.793528
0.816449
0.782693
0.792081
0.830811
0.764059
0.835956
0.764871
0.809712
0.841464
0.823862
0.808775
0.770262
0.831634
0.771361
0.807310
0.809849
0.846893
0.780427
0.779738
0.828228
0.868013
0.803121
0.769763
0.807263
0.857810
0.763712
0.878218
0.853218
0.803899
0.812677
0.770713
0.771528
0.810636
0.770197
0.817387
0.813355
0.801747
0.788135
0.837431
0.768348
0.782101
0.834217
0.802895
0.806074
0.800738
0.799649
0.800889
0.824658
0.801587
0.829385
0.857649
0.794026
0.769856
0.787025
0.823337
0.836124
0.783751
0.774825
0.826085
0.786223
0.821611
0.844451
0.767203
