0.808800
0.774334
0.766723
0.843929
0.793705
0.799643
0.893675
0.805224
0.828605
0.761505
0.769237
0.777962
0.842651
0.790227
0.806055
0.762009
0.801335
0.802008
0.816612
0.803078
0.768232
0.798982
0.802881
0.784005
0.841501
0.839942
0.768659
0.833849
0.769643
0.827842
0.766272
0.769850
0.765340
0.806279
0.808653
0.775177
0.768838
0.813227
0.789482
0.813201
0.794338
0.828983
0.783370
0.785895
0.860575
0.777153
0.774478
0.826586
0.834739
0.799905
0.803415
0.768519
0.833870
0.773599
0.752289
0.819441
0.806771
0.784346
0.811006
0.898424
0.786401
0.843504
0.779267
0.804765
0.804556
0.776134
0.759751
0.822505
0.800085
0.821158
0.752518
0.776572
0.767299
0.798186
0.780459
0.806874
0.806829
0.768709
0.797028
0.780461
0.756095
0.786703
0.776741
0.812894
0.799022
0.760414
0.815260
0.776438
0.789945
0.805271
0.790699
0.819074
0.825724
0.763438
0.773299
0.781813
0.849402
0.792801
0.764665
0.811434
