0.780967
0.751329
0.760927
0.757759
0.748684
0.744900
0.774304
0.827440
0.781208
0.768209
0.776467
0.837896
0.759965
0.770117
0.780619
0.810246
0.829301
0.757854
0.774910
0.822547
0.749732
0.760746
0.823073
0.838630
0.768170
0.781308
0.758300
0.775193
0.774389
0.782197
0.794156
0.745445
0.785453
0.775380
0.791145
0.773489
0.769202
0.856585
0.776953
0.761769
0.754785
0.823443
0.808799
0.762692
0.797093
0.782881
0.764454
0.759168
0.841298
0.765102
0.769472
0.786277
0.841150
0.826334
0.784651
0.755463
0.797179
0.820135
0.825605
0.814767
0.807271
0.765867
0.783094
0.837512
0.777759
0.774165
0.765733
0.813482
0.766503
0.779670
0.794305
0.762376
0.809559
0.753380
0.776894
0.809710
0.781288
0.749139
0.762743
0.754654
0.797320
0.768689
0.836653
0.774744
0.775664
0.755909
0.752460
0.752724
0.761017
0.805811
0.801686
0.770136
0.788787
0.793582
0.820853
0.759983
0.750128
0.796435
0.760889
0.783937
