0.758394
0.812752
0.767022
0.776774
0.765669
0.786830
0.772943
0.833730
0.792097
0.783158
0.793020
0.795534
0.797260
0.831836
0.756769
0.760892
0.812884
0.792236
0.809783
0.805231
0.790372
0.816779
0.761184
0.777722
0.876318
0.804331
0.780144
0.757323
0.817467
0.805765
0.795367
0.785914
0.807383
0.821470
0.766468
0.847998
0.792427
0.803624
0.756691
0.863972
0.804966
0.782497
0.777017
0.834324
0.812278
0.794690
0.811003
0.821082
0.757363
0.780596
0.827502
0.791323
0.807740
0.830358
0.767182
0.792301
0.782314
0.858443
0.772672
0.801973
0.812836
0.834901
0.755341
0.778446
0.806881
0.766916
0.814656
0.789032
0.757580
0.808206
0.762984
0.798734
0.793442
0.774591
0.818269
0.820030
0.778818
0.828514
0.765259
0.782495
0.795628
0.808475
0.783037
0.898514
0.806725
0.757758
0.801574
0.813904
0.843256
0.803156
0.757158
0.839981
0.796979
0.756013
0.786794
0.840527
0.780347
0.788489
0.851033
0.812914
