0.832526
0.794537
0.777837
0.776715
0.776907
0.772269
0.829098
0.812538
0.837325
0.792607
0.782744
0.818103
0.778877
0.838430
0.868192
0.858966
0.777515
0.803528
0.801854
0.815456
0.813091
0.844148
0.848131
0.786968
0.819665
0.804893
0.781311
0.809274
0.827960
0.834618
0.811768
0.791192
0.780104
0.899735
0.784566
0.802720
0.796152
0.788060
0.778145
0.848757
0.823903
0.829164
0.776767
0.784245
0.842349
0.815201
0.795377
0.808247
0.832641
0.866763
0.815171
0.794652
0.855632
0.864086
0.787425
0.905334
0.810740
0.784405
0.799304
0.842857
0.784536
0.804258
0.834230
0.803581
0.790888
0.826090
0.831604
0.781938
0.834273
0.848904
0.827938
0.793823
0.783816
0.818561
0.857745
0.819314
0.790234
0.821868
0.822090
0.781261
0.784273
0.860694
0.826921
0.781250
0.774917
0.845415
0.833777
0.817936
0.780012
0.840779
0.784251
0.782249
0.842922
0.833044
0.796812
0.801468
0.801122
0.835254
0.773953
0.808053
