0.818834
0.814096
0.821507
0.797639
0.770761
0.829053
0.769267
0.776896
0.798989
0.765363
0.788354
0.817174
0.797643
0.818286
0.790871
0.800991
0.781991
0.839791
0.792275
0.781864
0.802179
0.774913
0.821433
0.786844
0.761678
0.830449
0.768388
0.813577
0.791474
0.791847
0.782857
0.845867
0.844153
0.799923
0.796047
0.870642
0.779023
0.775728
0.764949
0.856969
0.769301
0.781823
0.782626
0.828816
0.798665
0.847570
0.809271
0.763383
0.835691
0.765690
0.833939
0.775650
0.781039
0.809383
0.778777
0.776249
0.821987
0.764599
0.792581
0.876735
0.764144
0.787146
0.827180
0.790990
0.779260
0.771536
0.830188
0.769441
0.766479
0.876616
0.775806
0.804059
0.791392
0.781929
0.762882
0.793380
0.780344
0.833993
0.815883
0.773758
0.830789
0.793744
0.786596
0.758310
0.887402
0.823056
0.787725
0.875600
0.839490
0.824129
0.770570
0.835539
0.781060
0.767060
0.771821
0.845236
0.768771
0.776832
0.813460
0.790649
