0.778541
0.755107
0.845012
0.783416
0.804101
0.827120
0.873324
0.794680
0.833680
0.821026
0.920282
0.796296
0.824789
0.813914
0.811037
0.823087
0.781246
0.774041
0.801841
0.793110
0.822992
0.850683
0.759132
0.825917
0.800891
0.806170
0.811536
0.767242
0.807322
0.830020
0.774720
0.775487
0.844023
0.764688
0.772061
0.794678
0.875138
0.778194
0.825263
0.772884
0.833925
0.773065
0.770571
0.826296
0.819456
0.814929
0.785486
0.814801
0.760956
0.773218
0.775870
0.877014
0.792202
0.771517
0.822620
0.838963
0.767321
0.826766
0.858609
0.801619
0.838481
0.773054
0.868162
0.814057
0.890762
0.804590
0.855150
0.776479
0.804352
0.792659
0.789360
0.833824
0.772919
0.848710
0.786164
0.795712
0.794049
0.764956
0.826674
0.782246
0.790186
0.844781
0.842651
0.778183
0.792044
0.760364
0.858361
0.765981
0.845651
0.832489
0.763769
0.801318
0.863553
0.819306
0.789382
0.808131
0.840310
0.803348
0.758964
0.857676
