0.801546
0.807015
0.840173
0.793266
0.814688
0.803599
0.804934
0.802798
0.786169
0.807369
0.836829
0.772553
0.795457
0.838575
0.780540
0.796970
0.819822
0.798877
0.838581
0.808145
0.828159
0.817771
0.792957
0.810752
0.811761
0.821248
0.805220
0.780596
0.880822
0.817330
0.781724
0.864347
0.791465
0.823805
0.822212
0.822087
0.868205
0.808124
0.807361
0.844767
0.808033
0.840035
0.872856
0.815363
0.803259
0.795474
0.777583
0.847621
0.809284
0.849166
0.834848
0.801846
0.804377
0.823985
0.869592
0.813970
0.845672
0.829819
0.846479
0.877642
0.812883
0.811348
0.831434
0.797468
0.879220
0.848002
0.779321
0.797161
0.780123
0.846789
0.793097
0.887900
0.798229
0.810052
0.822586
0.852381
0.840333
0.822610
0.840548
0.784904
0.843296
0.836937
0.812606
0.826416
0.808862
0.830688
0.798977
0.823438
0.858886
0.806638
0.798647
0.828705
0.799131
0.791239
0.822082
0.788124
0.793114
0.843180
0.794639
0.817913
