0.743808
0.752180
0.754966
0.844037
0.760364
0.741037
0.749246
0.729922
0.755951
0.769035
0.774643
0.806563
0.786493
0.771790
0.767019
0.809469
0.751484
0.757178
0.739892
0.791355
0.753419
0.730553
0.751839
0.751229
0.725902
0.762190
0.736678
0.730382
0.785605
0.771529
0.773327
0.745743
0.779889
0.752904
0.760607
0.778497
0.762853
0.812025
0.773605
0.785073
0.783053
0.741554
0.773103
0.741289
0.806540
0.730006
0.790038
0.802854
0.783846
0.778780
0.749893
0.760246
0.739317
0.781956
0.764032
0.782583
0.824699
0.796103
0.792408
0.782403
0.805574
0.756132
0.739868
0.795076
0.733193
0.754643
0.799881
0.791677
0.743525
0.757980
0.786126
0.735811
0.744547
0.749119
0.876684
0.762245
0.779762
0.792511
0.817652
0.758845
0.784975
0.796170
0.789576
0.765534
0.775283
0.775740
0.772346
0.748216
0.788758
0.814142
0.783318
0.751895
0.777155
0.787452
0.773019
0.809948
0.748733
0.796922
0.790939
0.754104
