0.801133
0.836489
0.782416
0.826492
0.810663
0.791581
0.777248
0.760705
0.882890
0.784643
0.762766
0.809713
0.762236
0.826978
0.803377
0.789105
0.834614
0.816412
0.765889
0.794180
0.784362
0.800374
0.772177
0.806567
0.782842
0.807242
0.839322
0.823426
0.823091
0.806369
0.759822
0.787448
0.811314
0.851426
0.795428
0.755198
0.756362
0.806325
0.809761
0.797908
0.782694
0.805627
0.841781
0.761711
0.751534
0.810574
0.800761
0.763157
0.792523
0.767115
0.790784
0.809035
0.815535
0.818164
0.765855
0.763296
0.845771
0.773647
0.808492
0.873453
0.826141
0.773998
0.762339
0.855700
0.786999
0.807081
0.754201
0.886271
0.789346
0.750310
0.780913
0.848558
0.759404
0.778990
0.824928
0.767532
0.759453
0.841646
0.803101
0.760513
0.796401
0.777764
0.853902
0.793375
0.769236
0.797225
0.851869
0.779431
0.860603
0.804403
0.765115
0.829221
0.783108
0.809163
0.756100
0.767349
0.758796
0.863688
0.792618
0.770151
