0.799970
0.772837
0.790198
0.777292
0.756202
0.804215
0.769463
0.767369
0.834240
0.791337
0.753335
0.791828
0.787278
0.793512
0.772907
0.791028
0.770488
0.777190
0.784184
0.787443
0.771820
0.747074
0.801955
0.830577
0.786304
0.759233
0.793352
0.752925
0.750672
0.783579
0.795893
0.771559
0.804433
0.773280
0.843925
0.773369
0.772395
0.810945
0.780110
0.752400
0.783798
0.810438
0.777553
0.762463
0.858762
0.756616
0.785705
0.796938
0.772440
0.791355
0.764633
0.780991
0.751538
0.807355
0.760530
0.791739
0.793264
0.763737
0.771703
0.837359
0.866464
0.768434
0.789643
0.752581
0.751322
0.768228
0.773438
0.763782
0.756877
0.757140
0.746802
0.818923
0.808638
0.754992
0.818799
0.776114
0.766029
0.792099
0.800898
0.789242
0.763992
0.779351
0.795193
0.752201
0.753933
0.795196
0.801075
0.815920
0.815883
0.778108
0.774296
0.770663
0.764060
0.799026
0.745317
0.785992
0.758989
0.752564
0.769047
0.771135
