0.790836
0.830882
0.865827
0.793065
0.831743
0.821299
0.839717
0.817749
0.834495
0.885170
0.833514
0.782170
0.786462
0.892633
0.864636
0.834773
0.856937
0.859117
0.807389
0.805803
0.819916
0.806637
0.816145
0.829253
0.798562
0.882605
0.822616
0.843583
0.863436
0.790172
0.868233
0.789855
0.826705
0.863527
0.818581
0.831337
0.824914
0.876231
0.823528
0.802914
0.864757
0.830712
0.792964
0.836860
0.821834
0.791390
0.816276
0.824306
0.823740
0.799583
0.846241
0.791925
0.800207
0.811721
0.865957
0.818599
0.826745
0.829037
0.889326
0.852691
0.804861
0.809571
0.855336
0.806788
0.809130
0.869244
0.863240
0.795518
0.790631
0.805819
0.912506
0.805585
0.815832
0.875014
0.801662
0.788117
0.858874
0.859604
0.800824
0.834371
0.871618
0.785945
0.862824
0.840591
0.827039
0.861350
0.886154
0.806080
0.873049
0.784863
0.872724
0.896769
0.824904
0.872195
0.808653
0.837616
0.842574
0.786360
0.856135
0.895695
