0.790374
0.796815
0.805055
0.825488
0.758564
0.791648
0.781969
0.779724
0.814752
0.781149
0.776910
0.766933
0.801935
0.879473
0.819546
0.782284
0.763493
0.771722
0.783756
0.803300
0.815903
0.781372
0.797620
0.767021
0.763191
0.792311
0.853503
0.802171
0.777538
0.836003
0.760882
0.785649
0.805099
0.814229
0.771571
0.784284
0.781089
0.833338
0.765624
0.757558
0.762843
0.805942
0.780555
0.775282
0.841261
0.772396
0.760183
0.847119
0.793595
0.792325
0.781027
0.833336
0.789315
0.760335
0.788177
0.759722
0.830773
0.758757
0.838866
0.778829
0.770428
0.776967
0.843611
0.770332
0.764763
0.779811
0.805682
0.768548
0.780889
0.789090
0.797437
0.782306
0.789297
0.829855
0.765681
0.766217
0.797372
0.799177
0.841053
0.788938
0.753821
0.774189
0.801166
0.806513
0.820834
0.820381
0.781081
0.788373
0.790420
0.823958
0.775523
0.766503
0.804715
0.806203
0.780022
0.775962
0.802186
0.784657
0.793623
0.782460
