0.755565
0.805096
0.768822
0.758235
0.794283
0.848691
0.758980
0.748102
0.847615
0.778247
0.765655
0.813822
0.755967
0.805610
0.804542
0.798867
0.752582
0.762500
0.760487
0.806572
0.757078
0.778393
0.802098
0.787513
0.762714
0.736824
0.740323
0.765682
0.760026
0.815945
0.742601
0.796310
0.748406
0.768872
0.755216
0.829244
0.750447
0.764630
0.821880
0.748307
0.798362
0.740602
0.815574
0.749430
0.772875
0.758107
0.751578
0.800312
0.789071
0.822354
0.765740
0.817060
0.803171
0.802705
0.809837
0.775934
0.767385
0.762559
0.804249
0.774350
0.767682
0.766728
0.784465
0.758777
0.798807
0.747401
0.809303
0.770893
0.781662
0.770849
0.769619
0.802818
0.778569
0.831414
0.763921
0.748155
0.750545
0.767619
0.755627
0.747169
0.793619
0.797795
0.763501
0.770872
0.756785
0.770573
0.783455
0.760410
0.775152
0.768867
0.760440
0.794964
0.740079
0.772524
0.777669
0.815714
0.742461
0.747422
0.743475
0.818432
