0.770256
0.782782
0.856264
0.809625
0.791568
0.819685
0.806660
0.812699
0.919079
0.813470
0.772341
0.798541
0.837195
0.779488
0.812989
0.813887
0.795534
0.767759
0.848571
0.777335
0.791538
0.790285
0.829321
0.799960
0.822735
0.773695
0.794463
0.906476
0.802677
0.789356
0.774222
0.837517
0.773899
0.842010
0.761476
0.850074
0.784209
0.764314
0.802610
0.889720
0.786174
0.801148
0.828290
0.771824
0.826292
0.811905
0.851867
0.777815
0.768292
0.774939
0.841752
0.795493
0.771818
0.787182
0.814749
0.780672
0.780851
0.766803
0.879450
0.772802
0.787645
0.805131
0.770230
0.786128
0.794023
0.843760
0.772309
0.765543
0.803156
0.827836
0.773087
0.802143
0.827236
0.832358
0.765217
0.778922
0.820176
0.810838
0.852414
0.823693
0.814603
0.828171
0.760689
0.796742
0.772302
0.815314
0.771409
0.786993
0.799442
0.807731
0.787624
0.852693
0.773365
0.787477
0.797606
0.781835
0.833251
0.779697
0.818539
0.839792
