0.804315
0.833286
0.802641
0.871144
0.844500
0.836440
0.814899
0.846032
0.773596
0.833689
0.829198
0.805121
0.832569
0.801719
0.822414
0.856784
0.788623
0.815313
0.860133
0.802395
0.784811
0.797686
0.856824
0.855414
0.789563
0.777088
0.891585
0.777557
0.800681
0.842819
0.836527
0.793844
0.776402
0.867081
0.838408
0.809818
0.788861
0.831984
0.850771
0.810064
0.796504
0.867064
0.777455
0.836076
0.787097
0.859569
0.785542
0.796219
0.892792
0.823869
0.857510
0.802579
0.846448
0.815332
0.784866
0.839021
0.791431
0.800579
0.816667
0.923088
0.775513
0.812286
0.786455
0.888317
0.803470
0.788166
0.843629
0.827286
0.818643
0.775428
0.776159
0.845162
0.811275
0.802877
0.797814
0.806858
0.883008
0.803435
0.831155
0.774347
0.822073
0.828639
0.857547
0.814549
0.874475
0.813855
0.856541
0.808693
0.875907
0.794265
0.857463
0.805955
0.794069
0.829061
0.779070
0.805394
0.842177
0.795084
0.826915
0.774211
