0.810925
0.835972
0.833926
0.780247
0.778895
0.772415
0.830690
0.798217
0.801096
0.818868
0.785020
0.770782
0.826731
0.840537
0.819192
0.843469
0.800771
0.794076
0.816893
0.796228
0.807905
0.790939
0.817575
0.767317
0.867296
0.762426
0.786047
0.782711
0.841797
0.811912
0.814208
0.780367
0.797542
0.764186
0.839371
0.828210
0.851901
0.778677
0.783678
0.836278
0.793752
0.786412
0.782977
0.815586
0.762570
0.794161
0.841103
0.810838
0.819069
0.812064
0.806605
0.853944
0.861075
0.800507
0.782380
0.874649
0.785438
0.879916
0.819807
0.780707
0.811488
0.822655
0.796095
0.792631
0.839128
0.760969
0.804644
0.780551
0.820254
0.805560
0.825394
0.831499
0.781013
0.834303
0.772440
0.789926
0.788348
0.824897
0.782958
0.771417
0.810239
0.804289
0.769982
0.769806
0.846922
0.823533
0.779822
0.800034
0.840407
0.817929
0.808058
0.802672
0.807319
0.804968
0.800422
0.779850
0.789422
0.770305
0.797442
0.833986
