0.841485
0.754751
0.794714
0.825352
0.797985
0.793670
0.804270
0.802729
0.835486
0.747698
0.791121
0.791143
0.835214
0.800453
0.774960
0.790427
0.777156
0.799281
0.767922
0.809539
0.803297
0.762739
0.763800
0.861335
0.816019
0.774218
0.800312
0.797738
0.761568
0.794727
0.789200
0.769263
0.774034
0.791262
0.803393
0.812215
0.776439
0.795564
0.819164
0.751312
0.805035
0.750245
0.757047
0.801054
0.758180
0.757393
0.801434
0.774197
0.748450
0.751476
0.775771
0.795783
0.784806
0.773494
0.780422
0.802350
0.778774
0.770752
0.802862
0.761670
0.755073
0.767752
0.803766
0.819760
0.845344
0.763628
0.784149
0.780986
0.856905
0.747298
0.773855
0.786939
0.749190
0.759742
0.799689
0.774771
0.845096
0.771529
0.769653
0.787682
0.767831
0.746841
0.817369
0.757584
0.765241
0.787646
0.819961
0.774412
0.749126
0.772500
0.817708
0.752654
0.800872
0.849256
0.822353
0.786598
0.770203
0.750565
0.767594
0.770312
