0.862221
0.771222
0.838394
0.776792
0.832391
0.793212
0.837287
0.782746
0.808853
0.792173
0.784528
0.840898
0.838644
0.852642
0.794555
0.848584
0.789402
0.813937
0.836839
0.837517
0.790148
0.776323
0.845050
0.846202
0.795428
0.791774
0.781283
0.833431
0.785925
0.805627
0.860683
0.793152
0.788545
0.847050
0.771106
0.859230
0.772958
0.794556
0.830303
0.778674
0.795453
0.844746
0.793449
0.780562
0.783627
0.859284
0.796821
0.836603
0.797889
0.833071
0.771038
0.781322
0.829808
0.806676
0.840445
0.781206
0.774068
0.849693
0.790377
0.809595
0.792768
0.774009
0.790091
0.783300
0.823888
0.774825
0.824652
0.824560
0.799443
0.827057
0.843032
0.853354
0.835595
0.783968
0.851956
0.840755
0.816702
0.803644
0.819391
0.836779
0.811130
0.801951
0.847334
0.794697
0.839018
0.839413
0.815035
0.835499
0.783653
0.775302
0.861922
0.810234
0.849605
0.802999
0.847072
0.789686
0.795440
0.807518
0.841557
0.808311
