0.752291
0.745878
0.743694
0.750869
0.813239
0.865517
0.788837
0.751072
0.773173
0.747077
0.769510
0.734780
0.770937
0.769941
0.776418
0.761711
0.794634
0.835356
0.790984
0.782551
0.822308
0.838382
0.759491
0.745704
0.795301
0.762368
0.762874
0.759345
0.826372
0.772641
0.752306
0.806655
0.812798
0.772927
0.770300
0.796050
0.820380
0.747634
0.766674
0.798952
0.755783
0.783714
0.755305
0.881495
0.758274
0.766177
0.761954
0.796348
0.796935
0.746869
0.768655
0.825925
0.794120
0.813500
0.786446
0.822118
0.764259
0.774446
0.801735
0.764922
0.764195
0.746724
0.834462
0.801137
0.798516
0.863723
0.864195
0.739432
0.815172
0.817381
0.779239
0.765583
0.747364
0.863857
0.747100
0.767582
0.800887
0.776115
0.827791
0.754723
0.829482
0.777020
0.776452
0.887083
0.742966
0.813545
0.763356
0.758821
0.813537
0.806109
0.745946
0.818561
0.750371
0.855629
0.742845
0.832906
0.749593
0.764753
0.797451
0.779833
