0.806332
0.807765
0.797543
0.830076
0.774488
0.814351
0.787195
0.774294
0.868557
0.791345
0.769088
0.808527
0.802659
0.849804
0.778212
0.832670
0.786741
0.807698
0.834357
0.768982
0.847091
0.809646
0.787882
0.835891
0.788037
0.777470
0.838762
0.820204
0.845178
0.781596
0.769464
0.772827
0.804848
0.801950
0.772335
0.811611
0.791049
0.807564
0.808331
0.824441
0.788249
0.777821
0.815400
0.825559
0.804011
0.851105
0.824241
0.808129
0.769937
0.812746
0.785031
0.769374
0.803726
0.790718
0.793331
0.797945
0.845970
0.855144
0.769341
0.829848
0.776366
0.799875
0.801728
0.826770
0.775517
0.786617
0.817108
0.806495
0.786094
0.803751
0.782110
0.848892
0.773050
0.777406
0.839743
0.794931
0.785355
0.780172
0.847466
0.794880
0.785257
0.842144
0.783520
0.848895
0.799612
0.782006
0.798915
0.835480
0.777457
0.805862
0.768773
0.803389
0.808037
0.797406
0.799848
0.842835
0.773920
0.782175
0.777241
0.808691
