0.827129
0.867314
0.801457
0.871311
0.856120
0.792166
0.826093
0.812956
0.780201
0.790078
0.830079
0.832210
0.817828
0.783922
0.836973
0.813911
0.834744
0.782027
0.846939
0.811414
0.855452
0.848766
0.795921
0.785573
0.849416
0.819492
0.842727
0.783879
0.811922
0.823369
0.816324
0.814383
0.825444
0.786528
0.816140
0.805596
0.919708
0.836241
0.774580
0.822367
0.883360
0.804615
0.811039
0.799116
0.808001
0.820754
0.805735
0.799591
0.852685
0.814100
0.823486
0.819251
0.838411
0.801499
0.801974
0.874480
0.836127
0.802501
0.797477
0.917640
0.801855
0.819856
0.862031
0.784611
0.864302
0.776303
0.845476
0.801311
0.796167
0.799245
0.818639
0.883443
0.797152
0.784708
0.867805
0.790897
0.777216
0.869105
0.784364
0.831577
0.803522
0.780723
0.783774
0.856717
0.776936
0.838062
0.828235
0.837014
0.831455
0.860188
0.822653
0.789990
0.850433
0.882097
0.792251
0.802083
0.785050
0.859696
0.805818
0.824764
