0.805561
0.849576
0.810210
0.812275
0.778892
0.849766
0.809143
0.859690
0.791084
0.805300
0.835196
0.793484
0.797984
0.821024
0.844349
0.808057
0.790927
0.800812
0.852891
0.810636
0.803345
0.788863
0.874241
0.842083
0.790082
0.846961
0.834088
0.824533
0.801442
0.834068
0.844141
0.822301
0.863193
0.829039
0.819246
0.816747
0.815853
0.827485
0.874248
0.776154
0.835152
0.805479
0.807873
0.797948
0.821093
0.890887
0.805404
0.803476
0.839382
0.836037
0.795767
0.893130
0.806194
0.802763
0.793008
0.855941
0.855266
0.796298
0.842297
0.815840
0.858844
0.807851
0.862560
0.835076
0.832354
0.836395
0.782870
0.853496
0.874276
0.776359
0.814156
0.838796
0.804961
0.821082
0.807680
0.798947
0.808956
0.815482
0.795779
0.794674
0.818127
0.815169
0.866331
0.798081
0.819253
0.801894
0.918336
0.807690
0.797862
0.850350
0.873607
0.800757
0.907930
0.825497
0.784503
0.801455
0.781362
0.861438
0.856182
0.802530
