0.784935
0.792443
0.759952
0.829137
0.792634
0.780415
0.787228
0.784039
0.832673
0.782867
0.826656
0.773685
0.781266
0.777803
0.821353
0.785155
0.760994
0.791312
0.850342
0.757533
0.806953
0.783755
0.763020
0.753375
0.811250
0.790326
0.753001
0.850354
0.782616
0.833872
0.782638
0.779255
0.851272
0.762608
0.788446
0.827786
0.787442
0.823550
0.783642
0.761127
0.809767
0.765327
0.766180
0.822139
0.846922
0.781862
0.781555
0.804209
0.828565
0.771959
0.786672
0.821641
0.776691
0.783012
0.799311
0.821638
0.777276
0.780006
0.811403
0.767503
0.799513
0.870700
0.798852
0.752997
0.762801
0.802496
0.831977
0.820126
0.773308
0.810423
0.787063
0.773020
0.788765
0.790640
0.876163
0.819247
0.834056
0.814193
0.849785
0.805652
0.793877
0.786774
0.818348
0.784640
0.771943
0.838532
0.801546
0.777217
0.784092
0.882317
0.801175
0.770809
0.801089
0.879830
0.796094
0.776107
0.854340
0.762388
0.784080
0.802446
