0.748716
0.769108
0.768250
0.805955
0.750739
0.802925
0.812095
0.829556
0.770701
0.773660
0.776094
0.827024
0.838417
0.830224
0.787201
0.787699
0.841867
0.770553
0.773185
0.801627
0.829420
0.749203
0.816857
0.759303
0.767400
0.831998
0.800289
0.794599
0.758847
0.817681
0.752045
0.771848
0.747344
0.848213
0.776056
0.820516
0.826200
0.840427
0.775289
0.748123
0.800841
0.814025
0.789916
0.785117
0.797083
0.780289
0.771761
0.850890
0.773376
0.758141
0.893205
0.825619
0.777418
0.827511
0.785799
0.809851
0.885929
0.771406
0.823994
0.836350
0.758631
0.795046
0.767753
0.838574
0.796792
0.797215
0.826311
0.817513
0.754215
0.781607
0.821399
0.833197
0.764186
0.797988
0.802269
0.779073
0.802446
0.844863
0.764751
0.745811
0.780890
0.783087
0.799140
0.779698
0.752820
0.811922
0.751748
0.793754
0.780000
0.781921
0.784177
0.785556
0.808222
0.840339
0.786122
0.774692
0.769759
0.840661
0.748054
0.757079
