0.835967
0.810418
0.805362
0.796067
0.801123
0.845698
0.830627
0.821435
0.808735
0.804155
0.791920
0.822944
0.857955
0.813822
0.834783
0.850003
0.825835
0.812336
0.829643
0.840235
0.820868
0.865173
0.835000
0.810370
0.798954
0.816101
0.820289
0.815043
0.784820
0.811457
0.800296
0.839572
0.805503
0.845843
0.816961
0.833548
0.812525
0.835930
0.837396
0.820242
0.848059
0.789760
0.808360
0.808587
0.788465
0.858430
0.843752
0.858306
0.786820
0.800897
0.832841
0.826787
0.803798
0.814668
0.789283
0.812332
0.803742
0.856802
0.817675
0.812701
0.853880
0.784013
0.799564
0.790733
0.880158
0.783671
0.790624
0.871094
0.795841
0.793323
0.833398
0.864170
0.790741
0.806036
0.785866
0.881322
0.847956
0.841743
0.833225
0.809813
0.816640
0.792145
0.873666
0.806398
0.806652
0.794756
0.798612
0.914519
0.788347
0.787581
0.807968
0.863699
0.818526
0.805056
0.806207
0.840180
0.842331
0.800243
0.834610
0.819946
