0.819139
0.869679
0.880555
0.812628
0.818476
0.870649
0.794543
0.813400
0.843193
0.819811
0.858158
0.793946
0.805009
0.797224
0.860693
0.786532
0.820823
0.874065
0.853853
0.821486
0.891472
0.807164
0.787702
0.798148
0.886099
0.808130
0.824004
0.855239
0.790212
0.800980
0.829458
0.827916
0.821002
0.815172
0.925740
0.791419
0.823229
0.804664
0.790760
0.842217
0.805633
0.791328
0.853278
0.805336
0.879408
0.810438
0.791812
0.815142
0.818811
0.801376
0.826361
0.855711
0.809632
0.782402
0.817036
0.800854
0.827157
0.844761
0.801246
0.789505
0.782253
0.869307
0.807230
0.811284
0.804539
0.791435
0.799500
0.781768
0.840315
0.838944
0.788002
0.788445
0.827933
0.816579
0.817378
0.814230
0.897175
0.849579
0.802951
0.797383
0.840773
0.883008
0.834531
0.853110
0.831714
0.819444
0.787518
0.833993
0.831294
0.821130
0.791997
0.860320
0.824347
0.787878
0.864264
0.793761
0.808990
0.877733
0.796334
0.805368
