0.849956
0.828908
0.779279
0.843935
0.808933
0.792970
0.860782
0.802692
0.810567
0.821011
0.797440
0.772263
0.846472
0.801788
0.814519
0.817622
0.772764
0.864466
0.879686
0.794345
0.790433
0.856132
0.811027
0.777524
0.790550
0.906831
0.838964
0.785331
0.792911
0.785577
0.859843
0.786460
0.811986
0.838192
0.872101
0.818680
0.798959
0.817793
0.846150
0.870605
0.841499
0.834873
0.856603
0.784150
0.775418
0.816556
0.812159
0.796540
0.807949
0.828013
0.772860
0.764279
0.836162
0.824010
0.848031
0.771678
0.845931
0.771539
0.816333
0.830047
0.856736
0.842720
0.806246
0.768153
0.813621
0.793867
0.860141
0.829679
0.822467
0.778363
0.820533
0.922430
0.789373
0.776153
0.811476
0.847397
0.854683
0.773391
0.826023
0.814116
0.828423
0.806224
0.833375
0.792318
0.786439
0.811275
0.874657
0.791227
0.788784
0.901419
0.879412
0.780497
0.777508
0.812959
0.836898
0.795235
0.787078
0.849767
0.873493
0.802821
