0.784067
0.827097
0.772651
0.826125
0.793107
0.817939
0.774601
0.769389
0.810541
0.768035
0.785435
0.836313
0.781132
0.774636
0.789459
0.884912
0.821412
0.802932
0.797383
0.825351
0.772175
0.768132
0.839145
0.797560
0.767719
0.777559
0.842715
0.843082
0.790205
0.799850
0.776318
0.774158
0.814065
0.824696
0.778384
0.784234
0.778365
0.769563
0.819120
0.791589
0.782037
0.817808
0.789988
0.810205
0.771370
0.788658
0.801281
0.783874
0.763258
0.785920
0.781813
0.825812
0.816750
0.840126
0.788289
0.796555
0.780019
0.787417
0.786255
0.786201
0.791908
0.783876
0.815000
0.808027
0.780898
0.778416
0.840143
0.806599
0.839142
0.816693
0.784469
0.769305
0.857429
0.773108
0.847268
0.799259
0.772018
0.855139
0.827297
0.806571
0.806151
0.795760
0.885672
0.826172
0.780100
0.771897
0.865212
0.834893
0.792410
0.770562
0.823721
0.810971
0.834708
0.805948
0.818294
0.795127
0.787910
0.848389
0.843748
0.793054
