0.786147
0.812429
0.809133
0.824184
0.790338
0.772646
0.815214
0.797428
0.767453
0.822191
0.810485
0.811262
0.787472
0.775092
0.812944
0.819564
0.825822
0.817510
0.791196
0.816288
0.858051
0.787852
0.769756
0.814437
0.828415
0.851259
0.778278
0.839899
0.787060
0.791627
0.821121
0.808673
0.821145
0.774343
0.831171
0.770432
0.792442
0.803780
0.800886
0.799049
0.829789
0.819357
0.816701
0.863889
0.801948
0.799194
0.811835
0.892804
0.781492
0.787148
0.855459
0.786399
0.790734
0.881375
0.816968
0.789917
0.807647
0.823346
0.841253
0.771332
0.774154
0.830229
0.786472
0.802262
0.789873
0.857820
0.795246
0.822143
0.785995
0.827207
0.822674
0.790095
0.822198
0.767569
0.770317
0.838192
0.917160
0.786004
0.775140
0.835352
0.886104
0.782245
0.783353
0.827281
0.861608
0.772089
0.798719
0.856160
0.785360
0.797524
0.830646
0.791543
0.832677
0.772757
0.777272
0.770910
0.799297
0.830976
0.826146
0.784284
