0.804116
0.814850
0.799364
0.932942
0.833601
0.821294
0.788971
0.841014
0.836903
0.786968
0.793190
0.817877
0.825146
0.823503
0.822930
0.920032
0.806951
0.810123
0.858017
0.868430
0.796080
0.929183
0.848561
0.867154
0.827201
0.781150
0.895174
0.850736
0.783660
0.877135
0.885448
0.831044
0.857203
0.874450
0.819274
0.863560
0.805917
0.866544
0.826983
0.851240
0.858428
0.811595
0.844933
0.791629
0.878413
0.808067
0.852697
0.791002
0.818261
0.810159
0.794195
0.863761
0.876380
0.807257
0.819799
0.802076
0.839613
0.816951
0.815263
0.855845
0.806430
0.807832
0.798658
0.853535
0.789027
0.797124
0.860665
0.795336
0.830106
0.811899
0.806879
0.841252
0.822271
0.838859
0.807749
0.833123
0.809785
0.788911
0.831674
0.796440
0.864252
0.826121
0.807231
0.800885
0.807628
0.845326
0.796180
0.813198
0.831720
0.876794
0.804390
0.827179
0.828093
0.824693
0.868458
0.811939
0.828813
0.816658
0.800354
0.834015
