0.803016
0.763095
0.829697
0.776774
0.757336
0.812593
0.752290
0.736934
0.801848
0.746108
0.755122
0.743194
0.787066
0.756529
0.784396
0.774456
0.830882
0.748651
0.761102
0.752829
0.764708
0.761683
0.778744
0.803862
0.732764
0.751957
0.808937
0.739759
0.772561
0.766042
0.756071
0.786882
0.739276
0.763174
0.749282
0.746631
0.738935
0.784953
0.791801
0.746970
0.760667
0.864809
0.746889
0.767475
0.828337
0.754165
0.743599
0.771059
0.797142
0.732222
0.736691
0.758291
0.758983
0.796214
0.749931
0.743585
0.783462
0.777099
0.748892
0.769775
0.756650
0.733570
0.755013
0.826204
0.793361
0.794557
0.741289
0.729233
0.732888
0.763795
0.830664
0.748445
0.755102
0.745365
0.758180
0.775303
0.748911
0.754415
0.786439
0.735789
0.760796
0.742614
0.764618
0.754534
0.755905
0.764694
0.751219
0.794884
0.776508
0.740131
0.798055
0.802894
0.751096
0.767365
0.745326
0.761133
0.765897
0.773692
0.757682
0.762121
0.778224
0.740973
0.756277
0.746865
0.753464
0.762303
0.784913
0.751283
0.745173
0.758129
0.776905
0.755237
0.839205
0.762514
0.749847
0.746250
0.836099
0.774531
0.778831
0.765556
0.749559
0.769593
0.782040
0.759321
0.729067
0.786238
0.775002
0.806925
0.765186
0.731046
0.788393
0.755768
0.742789
0.789285
0.745969
0.764333
0.748256
0.812050
0.758287
0.759031
0.772356
0.768160
0.796800
0.756727
0.775018
0.780292
0.741778
0.762083
0.764490
0.770537
0.776374
0.757876
0.759435
0.759636
0.754870
0.771091
0.761840
0.795154
0.745742
0.743306
0.744025
0.782678
0.746573
0.763582
0.754706
0.750206
0.747338
0.743116
0.738587
0.778778
0.784579
0.792351
0.825234
0.747474
0.766208
0.836865
0.814479
0.750798
0.752162
0.794625
0.746701
0.780957
0.760676
0.804398
0.774966
0.765427
0.794251
0.825013
0.789593
0.738804
0.800203
0.774648
0.761530
0.744602
0.752468
0.773475
0.742223
0.762720
0.764845
0.751454
0.770985
0.876631
0.744911
0.769883
0.763933
0.773398
0.775055
0.756894
0.763320
0.833379
0.780780
0.827466
0.818004
0.737248
0.729629
0.765465
0.821194
0.806279
0.742146
0.763132
0.793367
0.786302
0.738744
0.800476
0.819869
0.753730
0.759004
0.761270
0.794885
0.777203
0.846996
0.771513
0.790993
0.782722
0.755979
0.749996
0.794637
0.777989
0.745043
0.796137
0.785595
0.788720
0.763243
0.800829
0.748853
0.755305
0.772070
0.845517
0.756275
0.735581
0.808805
0.792500
0.785718
0.781870
0.806294
0.749733
0.840427
0.762914
0.775284
0.738558
0.807511
0.802174
0.769408
0.773323
0.833668
0.805207
0.771721
0.770819
0.808376
0.788313
0.771969
0.751442
0.786218
0.807595
0.750386
0.735006
0.758368
0.833268
0.755693
0.790359
0.830499
0.769641
0.754242
0.762565
0.807552
0.832882
0.731169
0.755263
0.797520
0.765106
0.785760
0.793888
0.823709
0.807430
0.799740
0.753754
0.781258
0.756092
0.770664
0.737178
0.748911
0.764276
0.775935
0.782085
0.797878
0.742815
0.782078
0.769537
0.750995
0.739498
0.787682
0.797999
0.774115
0.738991
0.800390
0.740419
0.778615
0.732202
0.767512
0.820204
0.745310
0.783294
0.810364
0.753222
0.781977
0.764615
0.730991
0.758921
0.784070
0.796563
0.750984
0.749395
0.804033
0.774652
0.735515
0.751708
0.802770
0.755951
0.788131
0.764902
0.760519
0.780104
0.767287
0.778109
0.742691
0.780029
0.754436
0.767035
0.751936
0.754747
0.753376
0.777302
0.742213
0.746226
0.752234
0.815303
0.781296
0.777418
0.776127
0.731850
0.759043
0.745247
0.811028
0.753900
0.757193
0.733623
0.810008
0.749048
0.773163
0.755573
0.763860
0.759178
0.773669
0.782016
0.764739
0.746930
0.763665
0.757071
0.819423
0.754264
0.738503
0.745011
0.748016
0.777126
0.743888
0.769771
0.730916
0.741104
0.750462
0.736201
0.744460
0.732491
0.758842
0.782232
0.768968
0.737448
0.755854
0.797263
0.795901
0.744199
0.781580
0.786537
0.758645
0.818572
0.772516
0.740982
0.799967
0.769138
0.755917
0.779078
0.746237
0.745180
0.778627
0.753079
0.748499
0.769656
0.770166
0.773633
0.730127
0.777980
0.752832
0.744560
0.750203
0.764993
0.757942
0.749398
0.749885
0.741370
0.754769
0.742915
0.772702
0.728841
0.751232
0.803342
0.775364
0.751192
0.767087
0.807927
0.751010
0.749253
0.755512
0.772298
0.732416
0.740427
0.763696
0.841029
0.751206
0.757111
0.765620
0.771417
0.754717
0.744065
0.769254
0.763860
0.756774
0.741933
0.819688
0.745574
0.815202
0.756718
0.744501
0.745932
0.781815
0.758143
0.739080
0.749516
0.767319
0.796715
0.745582
0.761067
0.800016
0.762991
0.745947
0.804302
0.744998
0.736383
0.767547
0.755438
0.804068
0.747535
0.756891
0.824694
0.760382
0.789579
0.747877
0.763925
0.766029
0.806997
0.759391
0.756464
0.731450
0.771778
0.820068
0.743041
0.773595
0.794862
0.760670
0.802952
0.801062
0.743835
0.782278
0.770078
0.737969
0.747953
0.802991
0.763872
0.730673
0.804621
0.768877
0.743127
0.798231
0.750962
0.751867
0.769031
0.745157
0.759397
0.764513
0.737501
0.809118
0.766271
0.811619
0.749548
0.759903
0.799376
0.760921
0.750418
0.749971
0.803147
0.785065
0.737275
0.818504
0.746125
0.739863
0.805160
0.767330
0.761270
0.760439
0.748375
0.818314
0.790581
0.730976
0.806030
0.798549
0.744193
0.770246
0.738772
0.793758
0.751070
0.736255
0.789768
0.755856
0.795876
0.753247
0.731443
0.763210
0.750999
0.757205
0.801295
0.747599
0.767829
0.768534
0.788571
0.740185
0.824311
0.730588
0.789465
0.751518
0.741985
0.753098
0.759515
0.756301
0.769676
0.793831
0.772378
0.782970
0.744306
0.752770
0.744841
0.755369
0.780847
0.741074
0.742207
0.767731
0.758269
0.749082
0.791474
0.784226
0.805367
0.761787
0.773631
0.763375
0.742729
0.764801
0.790046
0.778334
0.777570
0.771293
0.758060
0.770534
0.762367
0.776528
0.761334
0.748630
0.789435
0.762384
0.832264
0.794141
0.747993
0.775341
0.732356
0.746110
0.746388
0.790948
0.744945
0.751317
0.752192
0.768804
0.765169
0.783022
0.777717
0.817161
0.785127
0.770587
0.764139
0.787331
0.818836
0.756200
0.763489
0.748593
0.789057
0.735267
0.777643
0.752968
0.780755
0.789880
0.818016
0.747934
0.745349
0.744975
0.737636
0.827041
0.742687
0.760699
0.779143
0.760192
0.752582
0.763184
0.788977
0.744201
0.761172
0.812799
0.762637
0.755966
0.757773
0.735876
0.746800
0.807386
0.778532
0.767537
0.756292
0.759963
0.758250
0.754227
0.762153
0.759848
0.769429
0.774872
0.791619
0.745917
0.750368
0.756145
0.754966
0.751069
0.770149
0.781513
0.756778
0.810882
0.766954
0.760965
0.791060
0.759180
0.781436
0.787990
0.815985
0.811433
0.755646
0.736584
0.780884
0.844006
0.746084
0.735924
0.747808
0.799461
0.742461
0.755266
0.749082
0.785932
0.749564
0.771939
0.765850
0.754149
0.758602
0.741265
0.799001
0.745403
0.765476
0.805141
0.781944
0.743002
0.815955
0.767278
0.766074
0.742965
0.767806
0.877306
0.766084
0.831396
0.839589
0.750959
0.787735
0.768706
0.779764
0.796109
0.765022
0.755545
0.758689
0.754505
0.783371
0.770825
0.737195
0.761015
0.747442
0.810821
0.745058
0.780835
0.744675
0.771698
0.818087
0.744567
0.775666
0.799329
0.731455
0.779325
0.782441
0.776521
0.802280
0.768112
0.731852
0.800539
0.737476
0.764069
0.829206
0.744370
0.739486
0.749435
0.734517
0.730310
0.769257
0.757070
0.760303
0.770497
0.767951
0.743567
0.804849
0.751074
0.777112
0.800818
0.753291
0.778243
0.783716
0.753160
0.751412
0.776708
0.787819
0.750930
0.763204
0.749620
0.830436
0.784337
0.743292
0.752097
0.768413
0.773017
0.793227
0.737930
0.783326
0.782396
0.754998
0.744043
0.818985
0.777068
0.794225
0.745431
0.742701
0.746997
0.773907
0.799461
0.727613
0.758270
0.762046
0.813413
0.760550
0.742965
0.782972
0.795306
0.735666
0.767266
0.756088
0.795678
0.769009
0.742109
0.764526
0.764312
0.809255
0.744877
0.771956
0.777268
0.768414
0.798530
0.836704
0.784070
0.758604
0.762156
0.751407
0.746712
0.747906
0.792070
0.814843
0.776486
0.735459
0.770870
0.747818
0.803470
0.771077
0.832350
0.748063
0.768408
0.742680
0.731773
0.745216
0.745789
0.807434
0.771684
0.790956
0.745464
0.791191
0.759107
0.760622
0.801624
0.738440
0.752125
0.785949
0.772860
0.747864
0.752633
0.834177
0.742526
0.732140
0.738692
0.771862
0.789630
0.755710
0.769064
0.775738
0.812809
0.780653
0.773283
0.770478
0.790693
0.769086
0.784917
0.751902
0.774030
0.774022
0.737483
0.817451
0.745458
0.761860
0.760639
0.750967
0.741539
0.769825
0.741876
0.746506
0.779172
0.758246
0.744705
0.760075
0.746459
0.751715
0.754508
0.738441
0.771763
0.780629
0.781634
0.758865
0.754121
0.776880
0.793623
0.746225
0.762768
0.751497
0.735891
0.758355
0.748307
0.802242
0.738777
0.752560
0.743560
0.774536
0.756100
0.769159
0.768193
0.785891
0.789100
0.740244
0.740251
0.757152
0.810512
0.759579
0.750987
0.760737
0.737772
0.777655
0.765330
0.789704
0.750476
0.759332
0.763380
0.750181
0.745139
0.850940
0.753554
0.763625
0.758551
0.777679
0.747099
0.795400
0.843360
0.748481
0.752959
0.757028
0.743136
0.825679
0.741380
0.766889
0.755574
0.751366
0.751677
0.849163
0.744975
0.745068
0.747436
0.745104
0.744503
0.785792
0.747720
0.763610
0.748179
0.776512
0.759181
0.753324
0.743858
0.759512
0.821553
0.749373
0.750249
0.746997
0.749968
0.755890
0.769500
0.775070
0.755052
0.748305
0.764583
0.783832
0.791683
0.775343
0.743085
0.741976
0.753757
0.765962
0.734283
0.779617
0.780810
0.753203
0.759296
0.764234
0.759716
0.811001
0.785835
0.742341
0.757362
0.740091
0.781663
0.745803
0.746092
0.763351
0.760317
0.778738
