0.830428
0.766259
0.787894
0.742525
0.770606
0.764823
2.422672
2.146948
3.056387
0.778423
1.168191
4.063959
0.773344
0.753544
6.344054
3.916985
0.778839
0.803615
6.941565
1.235137
0.784957
1.206783
1.904463
2.570020
0.980057
1.691244
2.017450
0.755172
0.786691
6.624299
0.831035
0.776765
0.760833
7.229069
0.774562
0.834036
4.484362
0.763985
4.868415
0.743302
2.591261
0.778433
0.804770
0.759924
5.202615
2.392628
0.769302
0.773120
5.325849
0.814935
0.750119
1.928825
6.043563
0.751523
0.806823
7.444244
0.761175
0.815754
0.812463
0.774815
3.672393
0.772949
0.762099
5.049822
0.748113
4.114964
0.752315
4.722135
0.748389
4.878202
1.628997
1.618549
0.777471
0.777003
5.733058
0.798416
0.779275
4.150954
5.691706
5.696932
5.585852
5.190059
2.570024
0.758390
0.768828
0.773903
0.830132
0.764197
2.146263
6.392579
0.813761
0.753469
1.084185
7.431368
1.003977
0.766236
1.513564
5.814937
0.786264
2.825195
0.777362
6.513494
0.764967
0.886943
3.314815
4.018119
0.789828
0.802155
5.517271
4.694327
2.155479
0.877126
3.526864
0.767656
2.119095
6.590025
1.987684
0.861916
6.751653
0.821071
4.397271
0.831351
4.604810
4.889554
0.832286
2.718460
0.781281
4.419552
0.763248
0.772740
6.107164
0.814089
2.336961
0.769406
5.443885
0.754265
0.823614
0.756176
4.142751
3.105174
0.766793
1.754262
4.291131
0.801627
4.179427
2.069510
2.288277
0.776323
0.810486
0.984094
2.551904
1.335356
6.716993
0.865495
0.767207
0.760841
5.331944
0.783899
6.422110
5.784783
5.243380
5.387997
3.412373
0.757084
2.834062
0.757559
0.758486
1.410974
4.399951
0.814028
0.787422
5.198476
1.317318
0.761055
0.754620
4.971808
0.759299
0.777134
0.768792
3.808348
0.770500
0.747865
5.070130
0.849562
0.850988
0.752149
1.443516
4.816621
0.756221
0.769735
0.828280
0.782203
0.762547
0.733054
0.769160
0.803165
0.773274
0.820264
0.775371
0.751145
0.768179
0.782537
0.769292
0.776292
0.794711
0.740677
0.758849
0.758625
0.746193
0.759606
2.843769
0.784039
4.033970
0.856503
0.756720
0.768198
4.765136
0.781034
0.798799
0.755778
0.754147
0.752223
0.778351
0.793853
0.759975
0.793647
0.778788
0.775244
0.760487
0.801783
0.788452
0.764502
0.756138
0.770464
0.786634
0.797377
0.810230
0.764576
0.767415
0.790023
0.754760
0.772091
0.841022
0.767273
0.745099
0.755414
2.330153
0.812705
0.900146
0.759052
0.751762
0.763042
0.786922
0.761904
0.759699
0.799375
0.761452
0.758435
0.804558
0.760292
0.819302
0.790327
0.758369
0.758458
0.785209
0.803589
0.780944
0.752262
0.817921
3.474613
0.792775
1.112249
1.579570
7.045046
4.777227
1.064813
0.794049
0.764430
0.767571
0.783961
0.756137
0.774118
0.871571
0.932772
4.484113
0.755694
0.775589
3.519867
0.791726
0.768743
0.739889
3.838739
0.784424
0.785611
0.777350
4.411564
4.892617
0.764729
3.723319
0.815849
0.768826
0.772216
2.485718
2.545140
2.891133
0.772124
3.010316
0.820347
0.795017
0.996968
4.651452
0.801876
0.760615
1.934842
2.490006
5.157967
1.577373
3.461695
2.895065
2.451986
2.732229
0.746791
4.996878
0.788248
0.778344
0.961024
0.767582
0.765589
1.970890
5.340656
0.779775
3.303455
6.076931
0.822956
0.814711
0.764544
5.066589
0.766645
2.061541
5.577757
0.793280
1.311767
2.577610
5.446124
0.776810
0.811129
1.753867
5.780339
0.775439
0.814043
5.374606
1.829363
0.784719
0.755807
1.233120
6.114892
4.260334
0.841459
4.258080
0.802567
0.749550
3.832083
4.709921
0.820117
5.845577
2.581026
0.734619
5.832021
0.756655
1.399606
4.351346
2.210157
0.757729
1.562409
5.392376
0.765102
0.757068
5.168064
1.454376
1.606280
6.820825
0.892956
0.776110
0.774047
1.337302
5.515957
0.772381
0.804362
3.817402
1.932749
0.757831
2.567821
6.028337
0.796360
1.534733
1.189569
5.303553
0.774255
0.773635
4.910313
4.502241
0.764203
0.798694
5.290943
0.747852
2.497277
7.134560
5.915626
0.752969
3.481630
3.627434
5.965195
0.805538
1.120415
2.840917
4.583888
0.989704
1.107966
5.520553
4.801449
1.105394
0.864383
3.507676
4.360320
0.818476
3.293901
1.779981
1.162244
0.758262
7.291574
0.802036
0.741468
1.120234
0.746151
0.752273
0.771608
0.912840
5.400058
0.763877
0.909930
2.793834
3.619387
1.558184
3.162064
2.944662
1.639041
0.782931
0.788106
5.207124
0.806112
0.803508
0.802548
2.499826
0.768761
0.766146
0.809556
5.158231
2.116532
0.753919
2.110354
4.395650
0.803735
0.760108
3.989308
4.368797
0.760882
0.805430
5.725852
3.383888
0.761377
1.645916
4.819907
3.918308
0.812712
5.661189
4.168670
0.800649
0.770176
5.048911
3.795637
0.791456
0.794735
5.907964
3.340438
0.752764
5.344763
3.650261
0.753540
0.744882
5.988875
4.186714
0.819519
0.779672
5.068712
4.402886
0.825995
5.008564
3.535501
0.761504
0.810784
7.779536
1.245753
0.765989
0.746605
7.162319
3.307860
0.770743
0.754329
5.995128
3.142200
0.743032
5.009452
0.878405
3.667946
0.759839
5.447678
5.503436
0.898054
0.788310
2.475454
4.246046
6.883872
5.209155
4.392140
6.188933
3.631438
5.014194
0.767575
0.761313
1.034974
0.758400
0.745731
0.766007
1.442074
4.978538
0.835051
0.873153
0.795450
4.482971
0.766352
0.759749
2.252140
2.275671
0.759576
0.747083
2.723705
0.849474
0.756885
0.755266
0.757698
0.766284
0.768539
0.823310
0.755751
0.761249
0.778288
4.608077
0.794290
0.749254
1.718111
1.227861
3.227749
0.756967
0.777663
5.609296
0.821383
0.755713
0.763572
1.436867
0.755746
0.752386
1.783797
2.409413
4.134944
0.751689
2.143286
2.022062
0.796745
0.793315
6.735385
0.818211
1.029239
0.790647
1.877356
0.794252
0.751476
1.546163
0.797128
4.151959
0.784369
1.992034
3.839480
0.766467
0.804747
2.614428
0.887937
0.756013
1.775813
2.168101
0.763995
0.785030
1.265493
1.558072
0.939905
5.644566
4.640711
0.800635
0.749984
0.777006
5.598834
2.401053
0.753235
1.457462
4.954533
4.484337
0.781053
5.546400
6.757273
4.542400
5.492667
1.098857
9.938090
0.894789
5.303128
5.740256
0.915146
0.762724
1.631573
3.216928
0.747962
0.764738
1.874915
5.554079
2.856729
0.761492
5.173166
0.759316
0.812023
2.610073
0.761072
0.761631
0.794942
0.735564
1.183857
0.745708
6.173614
0.806949
1.449144
0.929891
0.746917
1.293381
0.770000
0.749111
4.520112
0.797030
0.775619
0.787328
1.007406
5.090106
0.763128
0.765115
1.730634
1.191049
0.760500
0.742311
1.727421
1.457228
0.776708
0.766103
2.585574
1.161553
0.752546
1.130348
3.222628
0.765992
0.761205
2.262429
5.039649
0.816077
0.776116
3.737584
2.254042
1.433441
1.354355
5.030919
2.158788
0.753979
2.094331
5.003985
0.805654
0.759953
2.909354
5.123408
1.200924
2.357523
2.250588
2.572099
0.755026
1.431139
5.551107
0.786081
0.802894
0.755243
0.806599
0.769581
0.782559
0.765057
0.802652
0.786708
0.759470
5.863993
0.751428
4.931681
0.862446
0.766318
0.783200
0.776742
1.740968
4.161789
0.750164
0.812865
0.808817
0.771786
0.820410
0.750231
0.769132
0.759316
0.788580
0.754370
2.340234
2.273491
0.769980
2.158097
1.261783
1.042344
0.779718
2.521605
5.669097
0.828776
1.105521
2.706450
0.790894
0.773576
1.220258
2.335535
0.796233
0.843427
0.766269
0.769730
0.764789
0.776145
1.138836
0.857778
0.783248
1.530764
4.090569
0.758472
0.772590
0.789049
0.790412
0.838476
0.763452
2.590721
1.240703
1.311883
0.771533
2.781097
1.150701
0.785968
0.779771
3.578007
0.756854
0.777201
0.758498
0.775773
0.828673
0.919596
0.822141
0.761388
0.745317
0.753737
0.766690
2.618007
1.173497
2.478280
0.762995
0.816171
0.751131
1.733007
4.023769
0.759172
0.757778
0.763303
0.956573
0.746254
0.803045
4.198107
0.820754
0.774833
0.756580
0.765552
0.772369
0.768891
0.766257
0.812044
0.767054
0.761091
0.758060
0.757365
0.760218
0.814472
0.775136
0.778912
0.778442
0.771145
0.762104
0.767562
0.805655
0.759520
0.765938
0.748179
0.789130
0.755679
0.811402
0.777145
0.778073
0.780491
0.757302
0.773561
0.805838
0.789028
0.769668
0.768079
0.787128
0.775475
0.770955
0.804849
5.813123
0.785049
0.780942
0.782550
0.760481
0.779422
0.763643
0.810704
0.774662
0.789124
0.778747
0.791957
0.793274
0.798603
0.775376
0.777526
0.765629
0.765162
0.801969
0.761420
0.798268
0.756420
0.783692
0.783495
0.835981
0.759128
0.803982
0.762248
0.813142
0.742918
0.761028
0.799098
0.766625
0.762565
0.766872
0.769840
0.760143
0.756144
0.753834
0.829561
0.768849
2.914573
0.759355
0.809543
0.768697
3.376292
0.807743
0.781609
0.760264
2.202306
1.853272
0.828543
2.214969
0.780854
0.793084
0.773263
2.840672
0.772543
0.828632
0.763431
2.492289
0.773290
0.777538
1.480196
3.332651
0.825525
0.757647
5.848081
0.748821
0.785781
0.767500
2.056721
0.825089
0.764227
1.530135
0.786699
0.754300
0.755622
1.637191
3.691343
0.822851
0.766948
2.787735
0.767628
0.848685
0.754549
4.080991
0.800414
0.792407
0.780738
0.784695
0.770670
0.784400
1.041655
4.260958
0.765496
1.280487
0.784319
0.754209
0.750295
0.825203
2.192687
0.770412
0.770831
0.888864
2.296989
0.768500
0.762273
2.486896
2.123298
0.796450
0.758299
1.776366
1.181678
0.762166
0.788574
5.524031
0.802657
0.757588
2.556792
0.740421
0.815815
0.759437
1.628729
0.776618
0.772333
0.764588
6.186188
0.801677
0.778323
0.755883
2.862781
0.795903
1.184119
0.754937
1.280644
1.086599
5.141231
0.798433
0.749268
0.778124
0.767514
2.007182
0.759256
0.925297
0.747697
2.423530
5.768942
0.811803
2.002378
3.821281
0.777780
0.779519
6.141878
0.748373
0.806404
1.555235
0.758396
1.174207
4.999531
1.090200
0.977542
1.288346
